tpc_offsets: # cm
  - [0, -21.8236, 0]
  - [0, -21.8236, 0]

vdrift: 0.159636 # cm / us
lifetime: 2.2e+3 # us
time_interval: [0, 200.] # us
long_diff: 4.0e-6 # cm * cm / us
tran_diff: 8.8e-6 # cm * cm / us
drift_length: 30.27225 # cm
tile_map: 
  - [[7,5,3,1],[8,6,4,2]]
  - [[16,14,12,10],[15,13,11,9]]

n_op_channel: 48
op_channel_efficiency: [1, 1, 1, 1, 1, 1, 14.9, 14.9, 14.9, 14.9, 14.9, 14.9, 1, 1, 1, 1, 1, 1, 14.9, 14.9, 14.9, 14.9, 14.9, 14.9, 1, 1, 1, 1, 1, 1, 14.9, 14.9, 14.9, 14.9, 14.9, 14.9, 1, 1, 1, 1, 1, 1, 14.9, 14.9, 14.9, 14.9, 14.9, 14.9]
lut_vox_div: [14, 26, 8]